MAT15101 6 0 1 35 1 2 14 15 25 26 D326
MAT15102 6 0 1 35 1 2 14 15 25 26 A303
MAT15103 6 0 1 38 5 6 19 20 41 42 A304
MAT15104 6 0 1 38 5 6 19 20 41 42 A305
MAT15105 6 0 1 35 7 8 10 11 21 22 A307
BIO10101 6 0 1 40 3 4 17 18 30 31 A304
PHY10202 6 1 1 50 2 3 20 21 38 39 B303
CHEM10303 6 0 2 45 6 7 22 23 35 36 A308
ENG10404 6 0 1 35 11 12 25 26 41 42 A305
HIST10505 6 1 2 30 9 10 27 28 43 44 B311
FIZ15102 6 0 1 45 1 2 14 15 25 26 A303
CHEM10101 6 0 1 50 3 4 18 19 28 29 A304
BIO10301 6 0 1 40 1 2 10 11 20 21 A305
ENG20102 6 0 1 45 7 8 14 15 24 25 A307
MATH20201 6 0 1 60 1 2 13 14 25 26 A308
CS10402 6 0 1 60 5 6 21 22 30 31 A310
PHYS10103 6 0 1 50 2 3 12 13 23 24 A311
SOCIO10201 6 0 1 45 3 4 16 17 33 34 A312
PSY20201 6 0 1 55 4 5 18 19 29 30 B303
LIFE20252 6 1 5 30 1 2 23 24 30 31 B312